f L
108.0000 12.8736
108.0625 11.6911
108.1250 11.0644
108.1875 12.1097
108.2500 11.6026
108.3125 11.2856
108.3750 12.2460
108.4375 12.1392
108.5000 11.8763
108.5625 11.7128
108.6250 12.4047
108.6875 13.9481
108.7500 11.8114
108.8125 12.0451
108.8750 12.6253
108.9375 12.2079
109.0000 11.2839
109.0625 12.4081
109.1250 12.2129
109.1875 11.7982
109.2500 11.9654
109.3125 11.7075
109.3750 12.3343
109.4375 11.8893
109.5000 11.5666
109.5625 12.4578
109.6250 12.0645
109.6875 11.6682
109.7500 11.7509
109.8125 12.3512
109.8750 12.1978
109.9375 12.0667
110.0000 12.1694
110.0625 12.0054
110.1250 12.3174
110.1875 12.3304
110.2500 11.9521
110.3125 12.7189
110.3750 11.9086
110.4375 12.0248
110.5000 12.2862
110.5625 12.3349
110.6250 12.0597
110.6875 11.5383
110.7500 11.6600
110.8125 13.0497
110.8750 11.5918
110.9375 12.0467
111.0000 11.5742
111.0625 12.8617
111.1250 11.6747
111.1875 15.1927
111.2500 16.2255
111.3125 20.8977
111.3750 28.9042
111.4375 45.3276
111.5000 58.7261
111.5625 58.4928
111.6250 44.2709
111.6875 28.4823
111.7500 20.9945
111.8125 15.9524
111.8750 14.8610
111.9375 12.8316
112.0000 13.5175
112.0625 12.3863
112.1250 11.8699
112.1875 11.7459
112.2500 11.7256
112.3125 11.7813
112.3750 11.8133
112.4375 11.9522
112.5000 12.3949
112.5625 11.9390
112.6250 11.6447
112.6875 11.6855
112.7500 12.1356
112.8125 11.2537
112.8750 12.6553
112.9375 12.3701
113.0000 12.0710
113.0625 12.6429
113.1250 11.6490
113.1875 11.1870
113.2500 11.6311
113.3125 12.6139
113.3750 11.9070
113.4375 12.7248
113.5000 12.1279
113.5625 13.4111
113.6250 11.4946
113.6875 11.6267
113.7500 11.3192
113.8125 11.8085
113.8750 12.4043
113.9375 11.4153
114.0000 12.0772
114.0625 11.2071
114.1250 12.0104
114.1875 12.0663
114.2500 11.9115
114.3125 12.5268
114.3750 12.6920
114.4375 11.6582
114.5000 11.9846
114.5625 11.7520
114.6250 11.9721
114.6875 12.0824
114.7500 11.3364
114.8125 11.8366
114.8750 11.8303
114.9375 12.4374
115.0000 11.6234
115.0625 11.6230
115.1250 11.8284
115.1875 12.4008
115.2500 12.0982
115.3125 12.8685
115.3750 12.2137
115.4375 12.0324
115.5000 11.6170
115.5625 12.2722
115.6250 12.8018
115.6875 11.2984
115.7500 11.6383
115.8125 11.3563
115.8750 12.3738
115.9375 11.5191
116.0000 11.5211
116.0625 11.4963
116.1250 11.9911
116.1875 11.9090
116.2500 11.5447
116.3125 12.1335
116.3750 12.1161
116.4375 11.9630
116.5000 11.4580
116.5625 12.2059
116.6250 11.7548
116.6875 12.5397
116.7500 12.1221
116.8125 11.6197
116.8750 12.4993
116.9375 13.2841
117.0000 12.8161
117.0625 11.6385
117.1250 11.6753
117.1875 11.5630
117.2500 12.6541
117.3125 11.7403
117.3750 12.5054
117.4375 11.8248
117.5000 11.7806
117.5625 11.6986
117.6250 11.7229
117.6875 11.8683
117.7500 11.6460
117.8125 11.6955
117.8750 11.9151
117.9375 12.0753
118.0000 11.7321
118.0625 11.1968
118.1250 11.5887
118.1875 11.4682
118.2500 12.6575
118.3125 11.9340
118.3750 11.7423
118.4375 11.3912
118.5000 12.5814
118.5625 11.2722
118.6250 11.5120
118.6875 12.1418
118.7500 12.3072
118.8125 12.2812
118.8750 11.9385
118.9375 12.0817
119.0000 12.0356
119.0625 12.3134
119.1250 12.0481
119.1875 13.5055
119.2500 11.8381
119.3125 12.3804
119.3750 12.0614
119.4375 11.7510
119.5000 12.5296
119.5625 12.4129
119.6250 12.0545
119.6875 12.2038
119.7500 12.1010
119.8125 11.8478
119.8750 11.6107
119.9375 11.5630
120.0000 11.9034
120.0625 12.1619
120.1250 11.6271
120.1875 12.0405
120.2500 11.3971
120.3125 11.8939
120.3750 11.8977
120.4375 12.2313
120.5000 12.0122
120.5625 11.6208
120.6250 11.2713
120.6875 11.9777
120.7500 12.3245
120.8125 11.8692
120.8750 12.0525
120.9375 14.9642
121.0000 18.6403
121.0625 16.2980
121.1250 12.2645
121.1875 11.9038
121.2500 11.6833
121.3125 11.5144
121.3750 11.6540
121.4375 12.4136
121.5000 12.4452
121.5625 11.6623
121.6250 11.6995
121.6875 11.9454
121.7500 13.8164
121.8125 11.5825
121.8750 12.2889
121.9375 11.9386
122.0000 11.2590
122.0625 11.8438
122.1250 11.7851
122.1875 11.5686
122.2500 11.9993
122.3125 12.2871
122.3750 11.7409
122.4375 11.4051
122.5000 11.5478
122.5625 11.7442
122.6250 11.8228
122.6875 11.8801
122.7500 11.6200
122.8125 12.0003
122.8750 12.0630
122.9375 11.8858
123.0000 12.4809
123.0625 12.2279
123.1250 11.9907
123.1875 11.8764
123.2500 12.0290
123.3125 12.7120
123.3750 12.3377
123.4375 12.1599
123.5000 12.6620
123.5625 12.3180
123.6250 11.6175
123.6875 12.8634
123.7500 11.8192
123.8125 11.7974
123.8750 11.7218
123.9375 11.9331
124.0000 11.7069
124.0625 11.7858
124.1250 12.3895
124.1875 12.9425
124.2500 12.2642
124.3125 12.0422
124.3750 12.4936
124.4375 12.3219
124.5000 12.3739
124.5625 11.7349
124.6250 12.1238
124.6875 11.6736
124.7500 11.4998
124.8125 11.5734
124.8750 11.6896
124.9375 12.0850
125.0000 12.1113
