f L
100.0000 28.8283
100.0625 28.9616
100.1250 29.0416
100.1875 32.8081
100.2500 33.8203
100.3125 35.3813
100.3750 34.5575
100.4375 29.9722
100.5000 29.1723
100.5625 27.9726
100.6250 28.9380
100.6875 28.8591
100.7500 27.2215
100.8125 26.1257
100.8750 25.0935
100.9375 26.0018
101.0000 25.7683
101.0625 26.1640
101.1250 26.1412
101.1875 29.2606
101.2500 29.0748
101.3125 27.8642
101.3750 26.4188
101.4375 25.0334
101.5000 25.3511
101.5625 25.3147
101.6250 26.9216
101.6875 28.6182
101.7500 27.7665
101.8125 30.0782
101.8750 28.8458
101.9375 27.4525
102.0000 28.3156
102.0625 32.7964
102.1250 31.5191
102.1875 29.6632
102.2500 29.9578
102.3125 27.8408
102.3750 29.6691
102.4375 28.0129
102.5000 28.7465
102.5625 27.8003
102.6250 27.7644
102.6875 26.2496
102.7500 24.4363
102.8125 25.4092
102.8750 26.3787
102.9375 26.5484
103.0000 27.1857
103.0625 26.3264
103.1250 27.1799
103.1875 26.2955
103.2500 26.2790
103.3125 26.1161
103.3750 28.0244
103.4375 25.3327
103.5000 26.1095
103.5625 28.5461
103.6250 30.0330
103.6875 34.4240
103.7500 35.5305
103.8125 40.2881
103.8750 48.7980
103.9375 65.3788
104.0000 78.7367
104.0625 78.5004
104.1250 64.3494
104.1875 48.2226
104.2500 40.6000
104.3125 36.3435
104.3750 33.0719
104.4375 31.3255
104.5000 30.7870
104.5625 28.5004
104.6250 27.5323
104.6875 27.1357
104.7500 26.8126
104.8125 26.3161
104.8750 26.4796
104.9375 29.6501
105.0000 34.2029
105.0625 33.9048
105.1250 27.7698
105.1875 24.9613
105.2500 24.2792
105.3125 23.9598
105.3750 26.8374
105.4375 29.5323
105.5000 28.4001
105.5625 28.3941
105.6250 27.6736
105.6875 30.0327
105.7500 30.6478
105.8125 31.1379
105.8750 32.4559
105.9375 31.3937
106.0000 32.0203
106.0625 28.3394
106.1250 28.1558
106.1875 28.7765
106.2500 28.0386
106.3125 29.3376
106.3750 28.7612
106.4375 26.5254
106.5000 24.4363
106.5625 25.6377
106.6250 25.5339
106.6875 26.8415
106.7500 27.6025
106.8125 26.7978
106.8750 27.3960
106.9375 27.4209
107.0000 25.6933
107.0625 26.2840
107.1250 25.1017
107.1875 24.8997
107.2500 25.7314
107.3125 29.6494
107.3750 28.4756
107.4375 26.7926
107.5000 28.4581
107.5625 28.7799
107.6250 28.0137
107.6875 27.9973
107.7500 28.2648
107.8125 29.8213
107.8750 29.3502
107.9375 27.1683
108.0000 29.2542
108.0625 29.2373
108.1250 29.0277
108.1875 29.7076
108.2500 29.1243
108.3125 26.8976
108.3750 26.8252
108.4375 25.7090
108.5000 25.7402
108.5625 27.8102
108.6250 28.8637
108.6875 28.4374
108.7500 30.6898
108.8125 28.8723
108.8750 25.9025
108.9375 28.5101
109.0000 27.5421
109.0625 25.0437
109.1250 25.7266
109.1875 27.6512
109.2500 28.0109
109.3125 28.2097
109.3750 27.4193
109.4375 29.1735
109.5000 27.8739
109.5625 33.8866
109.6250 34.1882
109.6875 32.8069
109.7500 33.7485
109.8125 29.4277
109.8750 28.4402
109.9375 27.2659
110.0000 28.8893
110.0625 28.6262
110.1250 26.3898
110.1875 25.8418
110.2500 23.9329
110.3125 23.8667
110.3750 25.4420
110.4375 26.7794
110.5000 28.4367
110.5625 29.6945
110.6250 29.1545
110.6875 27.1886
110.7500 26.4144
110.8125 27.6233
110.8750 25.3294
110.9375 25.4736
111.0000 27.1320
111.0625 26.6105
111.1250 28.5152
111.1875 28.8260
111.2500 29.0598
111.3125 29.4941
111.3750 33.1785
111.4375 46.0956
111.5000 58.9228
111.5625 58.6682
111.6250 45.0602
111.6875 33.3768
111.7500 29.6871
111.8125 28.3354
111.8750 28.6551
111.9375 29.1651
112.0000 26.1410
112.0625 26.8137
112.1250 26.2852
112.1875 26.8036
112.2500 26.4107
112.3125 27.3867
112.3750 26.3656
112.4375 26.9416
112.5000 26.9022
112.5625 27.3237
112.6250 27.3290
112.6875 25.6845
112.7500 26.6260
112.8125 24.7087
112.8750 26.5032
112.9375 27.6929
113.0000 27.4463
113.0625 26.8726
113.1250 27.7037
113.1875 27.5474
113.2500 27.1280
113.3125 30.0897
113.3750 31.5404
113.4375 32.0396
113.5000 32.0367
113.5625 30.0905
113.6250 28.2637
113.6875 28.8157
113.7500 29.9803
113.8125 27.0129
113.8750 27.8739
113.9375 26.0788
114.0000 24.7089
114.0625 24.6164
114.1250 25.3064
114.1875 26.2762
114.2500 26.3092
114.3125 25.0687
114.3750 26.9941
114.4375 25.3099
114.5000 27.0018
114.5625 27.3238
114.6250 25.2125
114.6875 25.3087
114.7500 25.6964
114.8125 27.2513
114.8750 29.1601
114.9375 29.3268
115.0000 28.9231
115.0625 27.4043
115.1250 27.3228
115.1875 28.8578
115.2500 31.9956
115.3125 34.3861
115.3750 32.7483
115.4375 30.5956
115.5000 29.6825
115.5625 29.5531
115.6250 29.8671
115.6875 28.7764
115.7500 27.4978
115.8125 25.9908
115.8750 25.3328
115.9375 26.0753
116.0000 26.8550
116.0625 25.9900
116.1250 27.6919
116.1875 28.2411
116.2500 26.8122
116.3125 25.9304
116.3750 27.0229
116.4375 25.8414
116.5000 27.0998
116.5625 25.1939
116.6250 25.2023
116.6875 25.3661
116.7500 25.2805
116.8125 27.4389
116.8750 27.4534
116.9375 28.0043
117.0000 28.1103
117.0625 30.7610
117.1250 29.9648
117.1875 31.0818
117.2500 28.8420
117.3125 28.4485
117.3750 28.5691
117.4375 28.8917
117.5000 28.2060
117.5625 28.0756
117.6250 29.5095
117.6875 27.4232
117.7500 25.4810
117.8125 26.2295
117.8750 26.2633
117.9375 28.5173
118.0000 27.1801
118.0625 27.1502
118.1250 27.6689
118.1875 28.3285
118.2500 27.5145
118.3125 26.4137
118.3750 27.7926
118.4375 25.7174
118.5000 25.5895
118.5625 27.2822
118.6250 28.9456
118.6875 28.1915
118.7500 28.1956
118.8125 28.0753
118.8750 29.4328
118.9375 29.7697
119.0000 30.3057
119.0625 30.9644
119.1250 30.6764
119.1875 29.3405
119.2500 28.3413
119.3125 27.1873
119.3750 28.5524
119.4375 29.9673
119.5000 28.4102
119.5625 27.7840
119.6250 26.7556
119.6875 26.2758
119.7500 25.6596
119.8125 28.2468
119.8750 28.6328
119.9375 28.0533
120.0000 28.3476
120.0625 27.7541
120.1250 27.8705
120.1875 25.3065
120.2500 25.1022
120.3125 25.9525
120.3750 26.1266
120.4375 25.4015
120.5000 27.2156
120.5625 29.2044
120.6250 29.2302
120.6875 28.8308
120.7500 27.8316
120.8125 28.8823
120.8750 31.0052
120.9375 33.5111
121.0000 32.5761
121.0625 29.4248
121.1250 27.6851
121.1875 29.6492
121.2500 29.1452
121.3125 27.2398
121.3750 28.3088
121.4375 29.4295
121.5000 28.5626
121.5625 25.6882
121.6250 25.3470
121.6875 27.9714
121.7500 26.3946
121.8125 25.3158
121.8750 25.6935
121.9375 26.9593
122.0000 29.2302
122.0625 28.9945
122.1250 27.2499
122.1875 26.8504
122.2500 26.4364
122.3125 26.4272
122.3750 27.4436
122.4375 28.0110
122.5000 27.1703
122.5625 27.8935
122.6250 28.6546
122.6875 30.8917
122.7500 30.3842
122.8125 33.1197
122.8750 31.4242
122.9375 30.7057
123.0000 29.4541
123.0625 29.8662
123.1250 29.4666
123.1875 28.0388
123.2500 26.9798
123.3125 25.1074
123.3750 25.1052
123.4375 26.2009
123.5000 24.9945
123.5625 24.9633
123.6250 25.4159
123.6875 25.8534
123.7500 28.6601
123.8125 29.6898
123.8750 28.0647
123.9375 27.6344
124.0000 26.2827
124.0625 25.8298
124.1250 26.1186
124.1875 27.1585
124.2500 28.0658
124.3125 28.2903
124.3750 26.4696
124.4375 29.9770
124.5000 30.3769
124.5625 29.7503
124.6250 29.9062
124.6875 30.7421
124.7500 31.1484
124.8125 30.0373
124.8750 29.9600
124.9375 28.9207
125.0000 28.1676
