f L
100.0000 12.4987
100.0625 14.0334
100.1250 19.9309
100.1875 26.2164
100.2500 26.0347
100.3125 28.8599
100.3750 28.4351
100.4375 18.7281
100.5000 13.0697
100.5625 11.8435
100.6250 11.3027
100.6875 11.2388
100.7500 11.8314
100.8125 12.9914
100.8750 13.3142
100.9375 14.0585
101.0000 14.2803
101.0625 16.0650
101.1250 17.0077
101.1875 16.1602
101.2500 15.1789
101.3125 17.3142
101.3750 17.3769
101.4375 15.5286
101.5000 12.9120
101.5625 12.1613
101.6250 11.8573
101.6875 12.0730
101.7500 11.9131
101.8125 12.0276
101.8750 12.9507
101.9375 13.4029
102.0000 17.8326
102.0625 23.9165
102.1250 21.9015
102.1875 20.4986
102.2500 20.4348
102.3125 16.3176
102.3750 13.4624
102.4375 12.2766
102.5000 11.5581
102.5625 11.4037
102.6250 11.6244
102.6875 12.0395
102.7500 11.7617
102.8125 13.7018
102.8750 17.6555
102.9375 17.6944
103.0000 16.5217
103.0625 14.9844
103.1250 16.3224
103.1875 15.3140
103.2500 13.8386
103.3125 13.0400
103.3750 13.3598
103.4375 14.2499
103.5000 16.1683
103.5625 18.4424
103.6250 21.8946
103.6875 26.1654
103.7500 31.4512
103.8125 38.3565
103.8750 47.9641
103.9375 65.1945
104.0000 78.6944
104.0625 78.4637
104.1250 64.1367
104.1875 47.5127
104.2500 38.0495
104.3125 31.2677
104.3750 25.9859
104.4375 21.6761
104.5000 19.1183
104.5625 15.1905
104.6250 14.4907
104.6875 14.2231
104.7500 14.2564
104.8125 15.9130
104.8750 17.4001
104.9375 21.5377
105.0000 28.9031
105.0625 27.0364
105.1250 19.3913
105.1875 14.6157
105.2500 12.5876
105.3125 12.2132
105.3750 12.2291
105.4375 11.9737
105.5000 11.8957
105.5625 12.0586
105.6250 12.2845
105.6875 13.2303
105.7500 16.6503
105.8125 25.0594
105.8750 24.9790
105.9375 24.6399
106.0000 26.3938
106.0625 19.8075
106.1250 14.5706
106.1875 12.2304
106.2500 11.6312
106.3125 12.0455
106.3750 11.9432
106.4375 11.9094
106.5000 11.8416
106.5625 12.5189
106.6250 13.9972
106.6875 14.5229
106.7500 15.7860
106.8125 16.5359
106.8750 17.2426
106.9375 15.6155
107.0000 15.8857
107.0625 14.3013
107.1250 14.2830
107.1875 13.7458
107.2500 11.9918
107.3125 11.6584
107.3750 11.1934
107.4375 11.1919
107.5000 11.5298
107.5625 14.1073
107.6250 18.4602
107.6875 19.4590
107.7500 21.4587
107.8125 18.9519
107.8750 22.0840
107.9375 19.9782
108.0000 15.5935
108.0625 13.2841
108.1250 12.5913
108.1875 11.7195
108.2500 11.4950
108.3125 11.8630
108.3750 12.5494
108.4375 14.3751
108.5000 12.9727
108.5625 16.9914
108.6250 18.6726
108.6875 18.8007
108.7500 19.8652
108.8125 17.6356
108.8750 15.0128
108.9375 14.5438
109.0000 13.3388
109.0625 13.6794
109.1250 13.4694
109.1875 12.4089
109.2500 11.4928
109.3125 11.4718
109.3750 11.7852
109.4375 13.3973
109.5000 18.0790
109.5625 28.3175
109.6250 28.4734
109.6875 26.3955
109.7500 27.1311
109.8125 20.9176
109.8750 13.1771
109.9375 12.5924
110.0000 11.7336
110.0625 11.6245
110.1250 11.7073
110.1875 11.5194
110.2500 11.9248
110.3125 11.6938
110.3750 13.5588
110.4375 16.5816
110.5000 20.1822
110.5625 20.4602
110.6250 20.4150
110.6875 16.8624
110.7500 14.1275
110.8125 13.6092
110.8750 12.7274
110.9375 12.7254
111.0000 12.2093
111.0625 11.7687
111.1250 11.6774
111.1875 11.5233
111.2500 11.5505
111.3125 13.0701
111.3750 17.7425
111.4375 28.1057
111.5000 32.2685
111.5625 29.3768
111.6250 25.8322
111.6875 20.7409
111.7500 14.7531
111.8125 12.1327
111.8750 11.6785
111.9375 11.5194
112.0000 11.7762
112.0625 11.7305
112.1250 11.5027
112.1875 12.3677
112.2500 14.1188
112.3125 13.9910
112.3750 15.1250
112.4375 18.3699
112.5000 17.1012
112.5625 16.5098
112.6250 16.8001
112.6875 14.5507
112.7500 11.8716
112.8125 11.9638
112.8750 12.8600
112.9375 12.3372
113.0000 11.3311
113.0625 11.5644
113.1250 12.5836
113.1875 13.3339
113.2500 13.9558
113.3125 17.1070
113.3750 21.7618
113.4375 26.0939
113.5000 26.4750
113.5625 20.9667
113.6250 17.0440
113.6875 12.5740
113.7500 11.7423
113.8125 11.2414
113.8750 11.7486
113.9375 12.2061
114.0000 12.7541
114.0625 12.2663
114.1250 14.9029
114.1875 16.3966
114.2500 15.6813
114.3125 14.3711
114.3750 12.9244
114.4375 13.7700
114.5000 16.1772
114.5625 16.0333
114.6250 14.8788
114.6875 14.0602
114.7500 13.2136
114.8125 11.4118
114.8750 11.2737
114.9375 11.6164
115.0000 11.7809
115.0625 12.9179
115.1250 18.6461
115.1875 18.5252
115.2500 20.1132
115.3125 24.3955
115.3750 24.3281
115.4375 20.4275
115.5000 16.0951
115.5625 14.8030
115.6250 13.4754
115.6875 12.6623
115.7500 11.9656
115.8125 11.7082
115.8750 11.9469
115.9375 14.4469
116.0000 14.8345
116.0625 15.3151
116.1250 17.6215
116.1875 17.9786
116.2500 15.7125
116.3125 16.3031
116.3750 17.1110
116.4375 14.9372
116.5000 15.0387
116.5625 13.8162
116.6250 12.7132
116.6875 11.8235
116.7500 11.2001
116.8125 10.9669
116.8750 11.7622
116.9375 13.5002
117.0000 18.2514
117.0625 18.5217
117.1250 17.0153
117.1875 18.4814
117.2500 22.6413
117.3125 20.6535
117.3750 13.7681
117.4375 13.6264
117.5000 12.8152
117.5625 11.9306
117.6250 12.0416
117.6875 11.5697
117.7500 12.0033
117.8125 11.9647
117.8750 14.8786
117.9375 17.1879
118.0000 15.4235
118.0625 15.6701
118.1250 19.1075
118.1875 18.3082
118.2500 19.4334
118.3125 17.7398
118.3750 14.9759
118.4375 14.7474
118.5000 13.1429
118.5625 11.7797
118.6250 12.2664
118.6875 12.0913
118.7500 11.7658
118.8125 12.0229
118.8750 17.5530
118.9375 19.1808
119.0000 24.5133
119.0625 25.0694
119.1250 24.4879
119.1875 20.7812
119.2500 17.1426
119.3125 14.7866
119.3750 13.1955
119.4375 11.5612
119.5000 11.1858
119.5625 11.5505
119.6250 11.5433
119.6875 12.0526
119.7500 12.8481
119.8125 16.2977
119.8750 17.2824
119.9375 14.8242
120.0000 15.4431
120.0625 16.7764
120.1250 17.4320
120.1875 13.5506
120.2500 13.1872
120.3125 14.0005
120.3750 12.3295
120.4375 11.2801
120.5000 11.2011
120.5625 11.8519
120.6250 12.5937
120.6875 13.7056
120.7500 15.3478
120.8125 17.4578
120.8750 21.6239
120.9375 24.3529
121.0000 22.7910
121.0625 19.2469
121.1250 16.5213
121.1875 13.3568
121.2500 11.3169
121.3125 11.7298
121.3750 11.4906
121.4375 11.1977
121.5000 11.6557
121.5625 13.4389
121.6250 14.5745
121.6875 15.8520
121.7500 15.9668
121.8125 14.3448
121.8750 13.7241
121.9375 13.5451
122.0000 16.5763
122.0625 16.4313
122.1250 15.2797
122.1875 14.3848
122.2500 12.6307
122.3125 12.2350
122.3750 11.7342
122.4375 11.4525
122.5000 11.7825
122.5625 14.0058
122.6250 14.7792
122.6875 15.8585
122.7500 20.8035
122.8125 23.8415
122.8750 24.9989
122.9375 25.0449
123.0000 20.0759
123.0625 18.6840
123.1250 13.1580
123.1875 11.4650
123.2500 11.8819
123.3125 12.2203
123.3750 11.9637
123.4375 13.4098
123.5000 14.0561
123.5625 13.6139
123.6250 14.0786
123.6875 15.7810
123.7500 19.3183
123.8125 19.1578
123.8750 18.5308
123.9375 18.1371
124.0000 16.3181
124.0625 14.5299
124.1250 12.5353
124.1875 12.0998
124.2500 12.0368
124.3125 11.5085
124.3750 12.0187
124.4375 13.4061
124.5000 13.5789
124.5625 13.9736
124.6250 22.3880
124.6875 24.7945
124.7500 24.6236
124.8125 25.3118
124.8750 19.6730
124.9375 18.6263
125.0000 14.3383
