f L
100.0000 33.6557
100.0625 33.8036
100.1250 33.9138
100.1875 34.0645
100.2500 34.2523
100.3125 34.4749
100.3750 34.4859
100.4375 34.7803
100.5000 34.8564
100.5625 35.0476
100.6250 35.2831
100.6875 35.2003
100.7500 35.3676
100.8125 35.6251
100.8750 35.8818
100.9375 35.9490
101.0000 36.1290
101.0625 36.3664
101.1250 36.5528
101.1875 36.6934
101.2500 36.8764
101.3125 37.1554
101.3750 37.2293
101.4375 37.6384
101.5000 37.8262
101.5625 37.9820
101.6250 38.2048
101.6875 38.4175
101.7500 38.7284
101.8125 38.9270
101.8750 39.0510
101.9375 39.4143
102.0000 39.6435
102.0625 39.9985
102.1250 40.2768
102.1875 40.4888
102.2500 40.8513
102.3125 41.1227
102.3750 41.4580
102.4375 41.7631
102.5000 42.1739
102.5625 42.4819
102.6250 42.8900
102.6875 43.2129
102.7500 43.6915
102.8125 44.1081
102.8750 44.6682
102.9375 45.0389
103.0000 45.5644
103.0625 46.1333
103.1250 46.7164
103.1875 47.3666
103.2500 48.0190
103.3125 48.8072
103.3750 49.5821
103.4375 50.4491
103.5000 51.4009
103.5625 52.5383
103.6250 53.7775
103.6875 55.2456
103.7500 56.9933
103.8125 59.1852
103.8750 62.1372
103.9375 66.6254
104.0000 76.4112
104.0625 75.7228
104.1250 66.4100
104.1875 62.0271
104.2500 59.1396
104.3125 56.9659
104.3750 55.2395
104.4375 53.7964
104.5000 52.5672
104.5625 51.4932
104.6250 50.5102
104.6875 49.6582
104.7500 48.8790
104.8125 48.1404
104.8750 47.4499
104.9375 46.7075
105.0000 45.5862
105.0625 46.2172
105.1250 45.5112
105.1875 44.9865
105.2500 44.4926
105.3125 44.0782
105.3750 43.6671
105.4375 43.2460
105.5000 42.9056
105.5625 42.5775
105.6250 42.1745
105.6875 41.8387
105.7500 41.6880
105.8125 41.3194
105.8750 40.9757
105.9375 40.7009
106.0000 40.4835
106.0625 40.1970
106.1250 39.9948
106.1875 39.7369
106.2500 39.4537
106.3125 39.2713
106.3750 39.0491
106.4375 38.8264
106.5000 38.6584
106.5625 38.4130
106.6250 38.2890
106.6875 37.9980
106.7500 37.9118
106.8125 37.7906
106.8750 37.6005
106.9375 37.4512
107.0000 37.2724
107.0625 37.0382
107.1250 36.8749
107.1875 36.6630
107.2500 36.6031
107.3125 36.4188
107.3750 36.3901
107.4375 36.2278
107.5000 35.9564
107.5625 35.8322
107.6250 35.7642
107.6875 35.6213
107.7500 35.6038
107.8125 35.4221
107.8750 35.3505
107.9375 35.2422
108.0000 35.0943
108.0625 34.9319
108.1250 35.0222
108.1875 34.9454
108.2500 34.7633
108.3125 34.6771
108.3750 34.4941
108.4375 34.6507
108.5000 34.4114
108.5625 34.2125
108.6250 34.1625
108.6875 34.2994
108.7500 34.0752
108.8125 34.0131
108.8750 34.1455
108.9375 33.8690
109.0000 34.0278
109.0625 33.9878
109.1250 33.8390
109.1875 33.7939
109.2500 33.6163
109.3125 33.7227
109.3750 33.7431
109.4375 33.7001
109.5000 33.6853
109.5625 33.6155
109.6250 33.6577
109.6875 33.4646
109.7500 33.4966
109.8125 33.7410
109.8750 33.5540
109.9375 33.7158
110.0000 33.6509
110.0625 33.8131
110.1250 33.8491
110.1875 33.6726
110.2500 33.8086
110.3125 34.0672
110.3750 34.1984
110.4375 34.3290
110.5000 34.4784
110.5625 34.5273
110.6250 34.6974
110.6875 34.9150
110.7500 35.2520
110.8125 35.5177
110.8750 35.7232
110.9375 36.2145
111.0000 36.6162
111.0625 37.2215
111.1250 37.9631
111.1875 38.8672
111.2500 40.1091
111.3125 41.6251
111.3750 43.9391
111.4375 47.7599
111.5000 56.7906
111.5625 55.3092
111.6250 45.1113
111.6875 39.8517
111.7500 35.8599
111.8125 32.5922
111.8750 29.6572
111.9375 26.5955
112.0000 22.9156
112.0625 19.9943
112.1250 17.0777
112.1875 11.6168
112.2500 6.6584
112.3125 7.5515
112.3750 9.7944
112.4375 15.8023
112.5000 15.6142
112.5625 17.0583
112.6250 18.4386
112.6875 19.2540
112.7500 18.9523
112.8125 20.6688
112.8750 21.3733
112.9375 21.3749
113.0000 21.2802
113.0625 21.4461
113.1250 22.3784
113.1875 22.5573
113.2500 22.4475
113.3125 22.9299
113.3750 22.7314
113.4375 22.9578
113.5000 22.6946
113.5625 23.3813
113.6250 23.7543
113.6875 23.7889
113.7500 23.5939
113.8125 23.8820
113.8750 23.4707
113.9375 23.8735
114.0000 23.9552
114.0625 24.0015
114.1250 23.4619
114.1875 23.1746
114.2500 24.0880
114.3125 24.1464
114.3750 24.2194
114.4375 24.3446
114.5000 23.8065
114.5625 23.8342
114.6250 23.7585
114.6875 23.9996
114.7500 23.9036
114.8125 24.3907
114.8750 24.2193
114.9375 24.0535
115.0000 24.4960
115.0625 23.8287
115.1250 24.1263
115.1875 23.8254
115.2500 24.0384
115.3125 24.5602
115.3750 24.3325
115.4375 24.2114
115.5000 24.2090
115.5625 24.3599
115.6250 24.6587
115.6875 24.5409
115.7500 24.3678
115.8125 24.4283
115.8750 24.6822
115.9375 24.2262
116.0000 24.2487
116.0625 24.5596
116.1250 24.8856
116.1875 24.5832
116.2500 24.2037
116.3125 24.2766
116.3750 24.7262
116.4375 24.3359
116.5000 24.4337
116.5625 24.3594
116.6250 23.6554
116.6875 24.4494
116.7500 23.9510
116.8125 24.4178
116.8750 24.2008
116.9375 24.5029
117.0000 24.5174
117.0625 24.5809
117.1250 24.4611
117.1875 24.7203
117.2500 24.1236
117.3125 24.5072
117.3750 24.0313
117.4375 24.2802
117.5000 24.3898
117.5625 24.2516
117.6250 24.4321
117.6875 24.5512
117.7500 24.5109
117.8125 24.2710
117.8750 25.0873
117.9375 24.3287
118.0000 24.5328
118.0625 24.2217
118.1250 24.5104
118.1875 24.4241
118.2500 23.9063
118.3125 24.4728
118.3750 24.3774
118.4375 24.6757
118.5000 24.1259
118.5625 24.6146
118.6250 24.4894
118.6875 24.8632
118.7500 23.8826
118.8125 24.4014
118.8750 24.8558
118.9375 24.5793
119.0000 24.7643
119.0625 24.4206
119.1250 24.4596
119.1875 24.5743
119.2500 24.1975
119.3125 24.9423
119.3750 24.3875
119.4375 24.5565
119.5000 24.5912
119.5625 24.3552
119.6250 24.3827
119.6875 24.9238
119.7500 24.3037
119.8125 24.8416
119.8750 24.2385
119.9375 24.0495
120.0000 24.5475
120.0625 24.4557
120.1250 24.8482
120.1875 24.7809
120.2500 23.8626
120.3125 24.4550
120.3750 24.8190
120.4375 24.3307
120.5000 24.8522
120.5625 24.5560
120.6250 24.1282
120.6875 24.7772
120.7500 24.8661
120.8125 25.1365
120.8750 24.5688
120.9375 24.4616
121.0000 21.9787
121.0625 25.5012
121.1250 24.7274
121.1875 24.8374
121.2500 25.0658
121.3125 25.0719
121.3750 24.7671
121.4375 25.1050
121.5000 25.0683
121.5625 24.9237
121.6250 24.8558
121.6875 24.9587
121.7500 25.0788
121.8125 25.0184
121.8750 24.4791
121.9375 24.9950
122.0000 24.8030
122.0625 25.1710
122.1250 24.8714
122.1875 25.2951
122.2500 24.9852
122.3125 25.0003
122.3750 24.9995
122.4375 24.9461
122.5000 24.7749
122.5625 25.2028
122.6250 24.5942
122.6875 25.1980
122.7500 24.7586
122.8125 25.1207
122.8750 25.1055
122.9375 24.7909
123.0000 25.4465
123.0625 25.6023
123.1250 25.5688
123.1875 24.7690
123.2500 24.8354
123.3125 25.1484
123.3750 25.5751
123.4375 25.2236
123.5000 25.2668
123.5625 25.3928
123.6250 25.2176
123.6875 25.1040
123.7500 25.1229
123.8125 25.7857
123.8750 25.5476
123.9375 25.5765
124.0000 25.8242
124.0625 25.7962
124.1250 25.6232
124.1875 26.0810
124.2500 25.4441
124.3125 25.8454
124.3750 26.2356
124.4375 25.7536
124.5000 25.6656
124.5625 25.6806
124.6250 25.7548
124.6875 26.3656
124.7500 26.0762
124.8125 26.0990
124.8750 26.0478
124.9375 26.2879
125.0000 26.2137
