f L
100.0000 0.7868
100.0625 -8.8771
100.1250 -10.0929
100.1875 -18.4707
100.2500 -7.6283
100.3125 -1.0105
100.3750 -0.7002
100.4375 -3.1126
100.5000 0.9504
100.5625 -16.1171
100.6250 3.0970
100.6875 0.0700
100.7500 -9.7369
100.8125 -9.8945
100.8750 -1.2908
100.9375 -4.1496
101.0000 -7.3218
101.0625 -9.7989
101.1250 -11.7437
101.1875 -14.3561
101.2500 -4.7851
101.3125 0.2338
101.3750 3.1989
101.4375 2.2403
101.5000 3.5840
101.5625 2.3352
101.6250 -8.5136
101.6875 -5.8522
101.7500 -4.7083
101.8125 -4.0958
101.8750 2.5452
101.9375 -3.3965
102.0000 1.2453
102.0625 -2.9485
102.1250 -3.9863
102.1875 1.7895
102.2500 -5.3195
102.3125 1.9895
102.3750 0.2298
102.4375 -1.3795
102.5000 -2.9719
102.5625 -1.0067
102.6250 -3.5807
102.6875 3.4144
102.7500 -7.8791
102.8125 4.1348
102.8750 4.5790
102.9375 5.5680
103.0000 2.7742
103.0625 -0.9398
103.1250 3.0208
103.1875 -2.9050
103.2500 9.1726
103.3125 -0.4181
103.3750 9.5031
103.4375 10.8075
103.5000 16.5948
103.5625 16.2607
103.6250 21.9665
103.6875 25.8271
103.7500 31.4134
103.8125 38.3941
103.8750 47.9500
103.9375 65.1941
104.0000 78.6942
104.0625 78.4640
104.1250 64.1390
104.1875 47.5173
104.2500 37.9427
104.3125 31.3584
104.3750 25.7918
104.4375 21.6187
104.5000 17.6768
104.5625 13.4323
104.6250 12.9915
104.6875 8.4557
104.7500 4.7818
104.8125 4.1898
104.8750 4.9166
104.9375 16.0711
105.0000 29.4361
105.0625 27.2854
105.1250 10.3925
105.1875 -0.8420
105.2500 0.1010
105.3125 -12.1726
105.3750 -6.1858
105.4375 -1.7171
105.5000 -11.1934
105.5625 -6.7495
105.6250 -3.7230
105.6875 2.8673
105.7500 3.3265
105.8125 -3.1163
105.8750 0.2022
105.9375 -6.8848
106.0000 -6.7973
106.0625 -0.6073
106.1250 -9.7786
106.1875 -4.6390
106.2500 -0.5347
106.3125 -2.1998
106.3750 -4.4879
106.4375 -2.4678
106.5000 -3.7751
106.5625 -3.9485
106.6250 -2.2047
106.6875 -0.3023
106.7500 -16.1216
106.8125 -4.8116
106.8750 -11.1386
106.9375 2.0656
107.0000 5.4090
107.0625 2.0377
107.1250 -4.1026
107.1875 -3.3352
107.2500 -3.3150
107.3125 -4.2886
107.3750 -3.1054
107.4375 -2.9147
107.5000 -1.4911
107.5625 -8.2493
107.6250 -7.9719
107.6875 -2.8127
107.7500 -3.3057
107.8125 -7.1007
107.8750 -10.0681
107.9375 -13.1084
108.0000 -12.4039
108.0625 -0.7531
108.1250 -3.0927
108.1875 -5.0455
108.2500 -9.3016
108.3125 -8.2014
108.3750 2.8082
108.4375 2.2282
108.5000 -11.0166
108.5625 -6.9191
108.6250 -4.8821
108.6875 0.8742
108.7500 -4.8506
108.8125 1.3882
108.8750 3.3424
108.9375 1.9833
109.0000 -1.0471
109.0625 -2.0513
109.1250 -9.1454
109.1875 -7.5842
109.2500 -1.5801
109.3125 -5.7457
109.3750 -3.8621
109.4375 -6.1169
109.5000 -7.1689
109.5625 -7.4854
109.6250 -3.2373
109.6875 -1.8137
109.7500 -4.4502
109.8125 1.5866
109.8750 1.3100
109.9375 2.2875
110.0000 -1.3476
110.0625 -8.6643
110.1250 -4.2879
110.1875 -1.1127
110.2500 -7.5795
110.3125 -6.6683
110.3750 -11.1766
110.4375 -10.4609
110.5000 -10.2989
110.5625 -3.9852
110.6250 -7.5273
110.6875 -5.7089
110.7500 1.6247
110.8125 1.7663
110.8750 1.8901
110.9375 -9.1282
111.0000 0.6295
111.0625 -0.2842
111.1250 2.1071
111.1875 8.2789
111.2500 9.4822
111.3125 18.8792
111.3750 28.0321
111.4375 45.1750
111.5000 58.6979
111.5625 58.4730
111.6250 44.1850
111.6875 27.2200
111.7500 18.5726
111.8125 11.2740
111.8750 3.9811
111.9375 2.3795
112.0000 5.0672
112.0625 -3.2642
112.1250 -10.1686
112.1875 -2.6362
112.2500 -1.2228
112.3125 -7.7763
112.3750 2.0474
112.4375 5.5195
112.5000 4.2822
112.5625 1.8555
112.6250 -4.1285
112.6875 -0.9550
112.7500 3.1008
112.8125 0.8157
112.8750 -2.1505
112.9375 -23.2592
113.0000 -8.3049
113.0625 -4.6870
113.1250 -1.5038
113.1875 -0.3755
113.2500 -2.0272
113.3125 -4.4426
113.3750 0.4545
113.4375 1.3712
113.5000 0.9385
113.5625 -11.2033
113.6250 -1.9003
113.6875 -2.5889
113.7500 -2.9996
113.8125 -2.4585
113.8750 -1.9447
113.9375 -8.2269
114.0000 -7.6902
114.0625 -2.5341
114.1250 -2.3308
114.1875 3.7421
114.2500 1.5442
114.3125 -6.9990
114.3750 -25.5264
114.4375 -1.5824
114.5000 0.3165
114.5625 -5.9481
114.6250 -6.0159
114.6875 -1.0358
114.7500 -1.4985
114.8125 -2.6517
114.8750 -12.4476
114.9375 -4.9395
115.0000 3.2552
115.0625 2.9309
115.1250 -4.9394
115.1875 -6.3295
115.2500 -8.7634
115.3125 -2.6804
115.3750 -16.2925
115.4375 -2.9532
115.5000 -9.0474
115.5625 -12.9955
115.6250 -4.1520
115.6875 -5.8190
115.7500 -4.2383
115.8125 -2.6766
115.8750 -3.0782
115.9375 -1.7628
116.0000 -6.4536
116.0625 -21.0463
116.1250 4.6139
116.1875 6.9027
116.2500 -2.0518
116.3125 -6.6832
116.3750 -1.6544
116.4375 -4.3881
116.5000 -10.2596
116.5625 -2.6426
116.6250 3.4123
116.6875 2.2076
116.7500 0.8507
116.8125 -3.6443
116.8750 -0.2203
116.9375 -3.0852
117.0000 -14.9535
117.0625 -14.9452
117.1250 -7.6613
117.1875 -0.6053
117.2500 0.1603
117.3125 -0.3937
117.3750 -3.1407
117.4375 -7.3367
117.5000 0.0817
117.5625 3.8911
117.6250 -2.1797
117.6875 -14.0948
117.7500 -7.0849
117.8125 2.2820
117.8750 3.9703
117.9375 0.8640
118.0000 -4.0204
118.0625 2.4281
118.1250 -0.5794
118.1875 -2.2455
118.2500 2.7903
118.3125 0.0314
118.3750 -7.1828
118.4375 -1.2827
118.5000 -0.1676
118.5625 1.0765
118.6250 -2.8269
118.6875 2.9031
118.7500 3.5495
118.8125 -13.7466
118.8750 -1.3259
118.9375 -6.4052
119.0000 -3.5916
119.0625 -6.9668
119.1250 -6.8889
119.1875 -4.5122
119.2500 0.7345
119.3125 2.5095
119.3750 -0.8024
119.4375 -12.0740
119.5000 -11.2245
119.5625 -9.7726
119.6250 -4.9349
119.6875 1.7329
119.7500 1.4565
119.8125 0.9487
119.8750 -1.1304
119.9375 0.7730
120.0000 -3.8571
120.0625 1.6985
120.1250 -3.8158
120.1875 1.5842
120.2500 4.8988
120.3125 -12.0466
120.3750 -1.0535
120.4375 -0.1259
120.5000 -1.8644
120.5625 -6.8970
120.6250 0.3393
120.6875 -1.0599
120.7500 0.3339
120.8125 1.1056
120.8750 -5.8348
120.9375 7.2731
121.0000 15.1964
121.0625 12.2690
121.1250 -0.4804
121.1875 -7.1231
121.2500 -10.3767
121.3125 -6.4600
121.3750 -3.7601
121.4375 -2.9219
121.5000 -9.9398
121.5625 -8.8382
121.6250 -7.2862
121.6875 -20.5847
121.7500 -5.0214
121.8125 -2.2988
121.8750 0.6150
121.9375 -2.9829
122.0000 -3.6708
122.0625 -2.3354
122.1250 -1.4596
122.1875 -1.2634
122.2500 -4.6316
122.3125 -14.2007
122.3750 -1.4261
122.4375 -4.6751
122.5000 -1.9522
122.5625 0.9435
122.6250 2.4305
122.6875 0.6308
122.7500 -0.9321
122.8125 -0.1929
122.8750 2.7423
122.9375 2.4051
123.0000 -2.2703
123.0625 -6.1044
123.1250 0.9457
123.1875 3.9274
123.2500 0.9285
123.3125 -1.4918
123.3750 0.8250
123.4375 -7.5555
123.5000 -4.7410
123.5625 -2.0153
123.6250 -1.2867
123.6875 -5.9769
123.7500 -2.6020
123.8125 0.2416
123.8750 -8.2534
123.9375 -4.1246
124.0000 -8.7397
124.0625 -0.5532
124.1250 -1.7954
124.1875 1.8825
124.2500 1.2750
124.3125 -13.2479
124.3750 0.7208
124.4375 -0.7683
124.5000 0.4755
124.5625 -0.8254
124.6250 -0.0412
124.6875 1.0345
124.7500 -7.5893
124.8125 -9.3842
124.8750 -5.6843
124.9375 2.3508
125.0000 4.9099
