t_us I_mV Iw_mV
0.0000 12.6906 0.0000
0.0313 1.9527 0.0001
0.0625 -15.2054 -0.0023
0.0937 -1.6969 -0.0006
0.1250 12.7054 0.0077
0.1562 -3.6443 -0.0034
0.1875 -15.0503 -0.0205
0.2188 3.4585 0.0064
0.2500 11.5733 0.0280
0.2812 -8.1554 -0.0249
0.3125 -12.2652 -0.0463
0.3438 8.6690 0.0396
0.3750 9.3742 0.0509
0.4063 -11.1426 -0.0710
0.4375 -7.5007 -0.0554
0.4687 12.9635 0.1099
0.5000 6.0855 0.0587
0.5313 -12.5924 -0.1371
0.5625 -1.8058 -0.0220
0.5937 15.3078 0.2079
0.6250 1.6723 0.0252
0.6562 -12.7286 -0.2110
0.6875 3.7054 0.0674
0.7188 15.0991 0.2999
0.7500 -3.5755 -0.0773
0.7812 -11.7649 -0.2757
0.8125 8.0725 0.2045
0.8438 12.2455 0.3343
0.8750 -8.7816 -0.2577
0.9063 -9.6252 -0.3027
0.9375 11.0233 0.3708
0.9687 7.4540 0.2675
1.0000 -13.0576 -0.4989
1.0313 -6.2786 -0.2549
1.0625 12.4579 0.5364
1.0938 1.8317 0.0835
1.1250 -15.3251 -0.7385
1.1562 -1.8297 -0.0931
1.1875 12.6586 0.6784
1.2188 -3.5790 -0.2018
1.2500 -14.9915 -0.8885
1.2812 3.5193 0.2189
1.3125 11.7508 0.7662
1.3437 -7.9352 -0.5418
1.3750 -12.0623 -0.8613
1.4063 8.8889 0.6632
1.4375 9.6964 0.7550
1.4687 -10.8555 -0.8814
1.5000 -7.2692 -0.6149
1.5313 13.2031 1.1624
1.5625 6.3704 0.5832
1.5938 -12.4086 -1.1804
1.6250 -1.6973 -0.1676
1.6562 15.4106 1.5791
1.6875 1.8068 0.1919
1.7188 -12.7538 -1.4035
1.7500 3.5799 0.4078
1.7812 15.0038 1.7683
1.8125 -3.6298 -0.4423
1.8437 -11.9546 -1.5051
1.8750 7.7914 1.0130
1.9063 12.0451 1.6161
1.9375 -9.0068 -1.2464
1.9687 -9.9582 -1.4207
2.0000 10.6728 1.5688
2.0313 7.2511 1.0976
2.0625 -13.2431 -2.0633
2.0938 -6.5514 -1.0501
2.1250 12.2227 2.0146
2.1562 1.7463 0.2958
2.1875 -15.3576 -2.6730
2.2188 -1.8801 -0.3360
2.2500 12.6641 2.3235
2.2812 -3.4493 -0.6493
2.3125 -14.8533 -2.8679
2.3437 3.6725 0.7270
2.3750 11.9738 2.4293
2.4063 -7.6741 -1.5951
2.4375 -11.8408 -2.5205
2.4687 9.1200 1.9874
2.5000 10.0256 2.2359
2.5313 -10.5578 -2.4088
2.5625 -7.1132 -1.6598
2.5938 13.3763 3.1910
2.6250 6.6301 1.6165
2.6562 -12.2302 -3.0467
2.6875 -1.6859 -0.4290
2.7188 15.4724 4.0201
2.7500 1.8709 0.4962
2.7813 -12.7891 -3.4617
2.8125 3.4079 0.9411
2.8437 14.8790 4.1910
2.8750 -3.7294 -1.0712
2.9063 -12.1988 -3.5718
2.9375 7.4968 2.2371
2.9687 11.7702 3.5788
3.0000 -9.2073 -2.8517
3.0312 -10.2440 -3.2312
3.0625 10.3413 3.3211
3.0938 7.0681 2.3106
3.1250 -13.4259 -4.4666
3.1562 -6.7601 -2.2883
3.1875 12.0976 4.1655
3.2188 1.7197 0.6022
3.2500 -15.3716 -5.4731
3.2813 -1.8869 -0.6830
3.3125 12.7406 4.6869
3.3437 -3.3200 -1.2411
3.3750 -14.6758 -5.5734
3.4063 3.8220 1.4743
3.4375 12.2310 4.7914
3.4687 -7.3556 -2.9257
3.5000 -11.6128 -4.6890
3.5312 9.3824 3.8451
3.5625 10.3278 4.2950
3.5938 -10.2894 -4.3414
3.6250 -6.9358 -2.9686
3.6562 13.5737 5.8924
3.6875 6.8114 2.9984
3.7188 -12.1192 -5.4089
3.7500 -1.6690 -0.7551
3.7813 15.4450 7.0823
3.8125 1.8438 0.8568
3.8437 -12.8927 -6.0701
3.8750 3.2173 1.5345
3.9063 14.6835 7.0936
3.9375 -3.9018 -1.9089
3.9687 -12.4517 -6.1684
4.0000 7.1396 3.5808
4.0312 11.5532 5.8654
4.0625 -9.4254 -4.8431
4.0938 -10.5241 -5.4723
4.1250 10.0782 5.3023
4.1562 6.8980 3.6715
4.1875 -13.5529 -7.2967
4.2188 -6.9518 -3.7854
4.2500 11.9975 6.6062
4.2813 1.7092 0.9516
4.3125 -15.3582 -8.6443
4.3437 -1.8772 -1.0680
4.3750 12.8681 7.3995
4.4063 -3.0614 -1.7790
4.4375 -14.5194 -8.5252
4.4688 4.0183 2.3837
4.5000 12.5397 7.5143
4.5312 -7.0588 -4.2724
4.5625 -11.3857 -6.9596
4.5938 9.6066 5.9297
4.6250 10.6324 6.6262
4.6562 -10.0600 -6.3294
4.6875 -6.7848 -4.3090
4.7187 13.6817 8.7699
4.7500 6.9788 4.5145
4.7813 -12.0794 -7.8849
4.8125 -1.7713 -1.1666
4.8437 15.4375 10.2569
4.8750 1.8348 1.2297
4.9063 -13.0480 -8.8201
4.9375 2.8832 1.9655
4.9688 14.4863 9.9583
5.0000 -4.0486 -2.8062
5.0312 -12.7448 -8.9057
5.0625 6.8127 4.7989
5.0938 11.3187 8.0362
5.1250 -9.6145 -6.8797
5.1562 -10.7854 -7.7772
5.1875 9.8722 7.1730
5.2187 6.7632 4.9510
5.2500 -13.6553 -10.0705
5.2813 -7.0540 -5.2402
5.3125 11.9610 8.9495
5.3437 1.7942 1.3520
5.3750 -15.2793 -11.5942
5.4063 -1.7737 -1.3552
5.4375 13.0383 10.0299
5.4688 -2.8224 -2.1858
5.5000 -14.3161 -11.1600
5.5312 4.2147 3.3069
5.5625 12.8467 10.1444
5.5938 -6.7190 -5.3392
5.6250 -11.1566 -8.9206
5.6562 9.8127 7.8941
5.6875 10.8888 8.8127
5.7187 -9.7757 -7.9588
5.7500 -6.7003 -5.4869
5.7813 13.7470 11.3222
5.8125 7.1009 5.8815
5.8437 -12.0452 -10.0323
5.8750 -1.9122 -1.6014
5.9063 15.3001 12.8821
5.9375 1.7680 1.4964
5.9688 -13.2150 -11.2437
6.0000 2.6452 2.2621
6.0312 14.1986 12.2034
6.0625 -4.2653 -3.6840
6.0938 -13.0509 -11.3271
6.1250 6.5178 5.6839
6.1563 11.0810 9.7084
6.1875 -9.8062 -8.6309
6.2187 -11.0449 -9.7650
6.2500 9.6680 8.5854
6.2813 6.7024 5.9777
6.3125 -13.7153 -12.2843
6.3437 -7.1086 -6.3934
6.3750 11.9677 10.8076
6.4062 1.9120 1.7335
6.4375 -15.1761 -13.8134
6.4688 -1.6219 -1.4819
6.5000 13.2710 12.1710
6.5312 -2.5588 -2.3553
6.5625 -14.0684 -12.9960
6.5938 4.4467 4.1221
6.6250 13.1419 12.2241
6.6563 -6.4421 -6.0122
6.6875 -10.9681 -10.2695
6.7187 9.9707 9.3652
6.7500 11.1390 10.4950
6.7813 -9.6442 -9.1139
6.8125 -6.6823 -6.3333
6.8437 13.7862 13.1036
6.8750 7.1726 6.8364
6.9062 -12.0639 -11.5293
6.9375 -2.0612 -1.9750
6.9688 15.1312 14.5351
7.0000 1.6417 1.5809
7.0312 -13.4586 -12.9909
7.0625 2.2986 2.2238
7.0938 13.9882 13.5632
7.1250 -4.4991 -4.3718
7.1563 -13.3154 -12.9651
7.1875 6.1999 6.0487
7.2187 10.8689 10.6242
7.2500 -9.9855 -9.7785
7.2813 -11.2535 -11.0395
7.3125 9.4922 9.3273
7.3437 6.6323 6.5275
7.3750 -13.7266 -13.5303
7.4062 -7.1141 -7.0224
7.4375 12.0392 11.9004
7.4688 2.0646 2.0434
7.5000 -14.9902 -14.8545
7.5312 -1.4966 -1.4847
7.5625 13.5440 13.4509
7.5938 -2.2731 -2.2597
7.6250 -13.8066 -13.7377
7.6563 4.6689 4.6494
7.6875 13.4231 13.3773
7.7187 -6.1281 -6.1114
7.7500 -10.7991 -10.7761
7.7813 10.1359 10.1198
7.8125 11.3402 11.3272
7.8438 -9.5022 -9.4950
7.8750 -6.6827 -6.6796
7.9062 13.7366 13.7334
7.9375 7.1971 7.1965
7.9688 -12.1598 -12.1597
8.0000 -2.2815 -2.2815
8.0312 14.9270 14.9257
8.0625 1.4983 1.4979
8.0937 -13.6921 -13.6858
8.1250 1.9833 1.9817
8.1563 13.7182 13.7025
8.1875 -4.7261 -4.7186
8.2187 -13.5855 -13.5566
8.2500 5.9162 5.9001
8.2813 10.6550 10.6187
8.3125 -10.1093 -10.0672
8.3438 -11.3714 -11.3147
8.3750 9.4003 9.3449
8.4062 6.6252 6.5797
8.4375 -13.6711 -13.5627
8.4688 -7.0848 -7.0207
8.5000 12.1339 12.0094
8.5312 2.3513 2.3242
8.5625 -14.8042 -14.6135
8.5937 -1.3208 -1.3019
8.6250 13.8311 13.6126
8.6563 -1.9244 -1.8910
8.6875 -13.6228 -13.3638
8.7187 4.8981 4.7966
8.7500 13.7461 13.4366
8.7813 -5.8730 -5.7298
8.8125 -10.6576 -10.3772
8.8438 10.2339 9.9442
8.8750 11.4808 11.1319
8.9062 -9.4009 -9.0951
8.9375 -6.7415 -6.5072
8.9688 13.6461 13.1407
9.0000 7.1174 6.8370
9.0312 -12.2753 -11.7619
9.0625 -2.5287 -2.4166
9.0937 14.6986 14.0095
9.1250 1.3010 1.2365
9.1563 -13.9296 -13.2022
9.1875 1.6760 1.5838
9.2187 13.4435 12.6662
9.2500 -4.9195 -4.6207
9.2813 -13.8018 -12.9227
9.3125 5.7017 5.3212
9.3438 10.5268 9.7917
9.3750 -10.2102 -9.4649
9.4062 -11.4769 -10.6020
9.4375 9.3329 8.5907
9.4688 6.6960 6.1410
9.5000 -13.5673 -12.3964
9.5312 -7.0139 -6.3842
9.5625 12.3660 11.2118
9.5937 2.5598 2.3117
9.6250 -14.5592 -13.0944
9.6563 -1.0917 -0.9778
9.6875 14.0997 12.5751
9.7187 -1.5708 -1.3949
9.7500 -13.3680 -11.8189
9.7812 5.0621 4.4555
9.8125 13.9809 12.2491
9.8438 -5.6256 -4.9058
9.8750 -10.5735 -9.1769
9.9062 10.2707 8.8711
9.9375 11.5638 9.9389
9.9688 -9.3414 -7.9886
10.0000 -6.8511 -5.8291
10.0313 13.5030 11.4292
10.0625 7.0281 5.9174
10.0937 -12.4367 -10.4151
10.1250 -2.7936 -2.3267
10.1563 14.3958 11.9236
10.1875 1.0693 0.8807
10.2187 -14.2068 -11.6340
10.2500 1.3497 1.0989
10.2812 13.1999 10.6832
10.3125 -5.0797 -4.0865
10.3438 -14.0279 -11.2164
10.3750 5.4793 4.3540
10.4062 10.4118 8.2217
10.4375 -10.2352 -8.0307
10.4688 -11.5307 -8.9886
10.5000 9.3580 7.2471
10.5313 6.8560 5.2740
10.5625 -13.4683 -10.2906
10.5937 -6.8844 -5.2241
10.6250 12.5303 9.4421
10.6563 2.8627 2.1419
10.6875 -14.3352 -10.6492
10.7187 -0.9061 -0.6682
10.7500 14.3950 10.5378
10.7812 -1.2589 -0.9147
10.8125 -13.1348 -9.4713
10.8438 5.2197 3.7350
10.8750 14.1939 10.0775
10.9062 -5.4059 -3.8079
10.9375 -10.4903 -7.3303
10.9688 10.2365 7.0951
11.0000 11.6431 8.0038
11.0313 -9.3637 -6.3834
11.0625 -6.9851 -4.7218
11.0937 13.3175 8.9255
11.1250 6.9132 4.5932
11.1563 -12.6405 -8.3250
11.1875 -3.0764 -2.0081
11.2187 14.1200 9.1340
11.2500 0.8695 0.5573
11.2812 -14.4473 -9.1754
11.3125 1.0479 0.6593
11.3438 12.9540 8.0731
11.3750 -5.2618 -3.2478
11.4062 -14.1891 -8.6732
11.4375 5.3289 3.2254
11.4687 10.3678 6.2128
11.5000 -10.2333 -6.0705
11.5313 -11.5257 -6.7674
11.5625 9.4456 5.4889
11.5937 6.9771 4.0120
11.6250 -13.2570 -7.5425
11.6563 -6.7133 -3.7786
11.6875 12.7597 7.1039
11.7188 3.1516 1.7354
11.7500 -14.0402 -7.6451
11.7812 -0.6740 -0.3629
11.8125 14.6560 7.8007
11.8438 -0.9494 -0.4995
11.8750 -12.9347 -6.7257
11.9062 5.3774 2.7631
11.9375 14.3724 7.2966
11.9687 -5.2458 -2.6309
12.0000 -10.4894 -5.1963
12.0313 10.2008 4.9906
12.0625 11.6085 5.6080
12.0937 -9.4081 -4.4872
12.1250 -7.1801 -3.3805
12.1563 13.0805 6.0782
12.1875 6.7288 3.0855
12.2188 -12.8303 -5.8048
12.2500 -3.3951 -1.5153
12.2812 13.8346 6.0900
12.3125 0.6289 0.2730
12.3438 -14.7413 -6.3095
12.3750 0.7900 0.3333
12.4062 12.7633 5.3079
12.4375 -5.4044 -2.2148
12.4687 -14.3362 -5.7886
12.5000 5.1903 2.0644
12.5313 10.3882 4.0695
12.5625 -10.1913 -3.9312
12.5937 -11.4660 -4.3544
12.6250 9.4924 3.5484
12.6563 7.2358 2.6619
12.6875 -13.0103 -4.7091
12.7188 -6.5494 -2.3319
12.7500 13.0523 4.5706
12.7812 3.4877 1.2009
12.8125 -13.8149 -4.6762
12.8438 -0.4816 -0.1602
12.8750 14.8999 4.8709
12.9062 -0.6778 -0.2177
12.9375 -12.7859 -4.0330
12.9687 5.4472 1.6871
13.0000 14.5037 4.4099
13.0313 -5.1653 -1.5414
13.0625 -10.4909 -3.0718
13.0937 10.0942 2.8993
13.1250 11.5335 3.2487
13.1562 -9.5293 -2.6316
13.1875 -7.4187 -2.0081
13.2188 12.8411 3.4059
13.2500 6.5112 1.6918
13.2812 -13.0873 -3.3301
13.3125 -3.6875 -0.9186
13.3438 13.5463 3.3028
13.3750 0.4210 0.1004
13.4063 -14.9379 -3.4855
13.4375 0.5705 0.1302
13.4687 12.5982 2.8096
13.5000 -5.4454 -1.1867
13.5313 -14.4407 -3.0739
13.5625 5.1556 1.0716
13.5937 10.4520 2.1205
13.6250 -10.0636 -1.9922
13.6562 -11.4140 -2.2039
13.6875 9.6486 1.8164
13.7188 7.4709 1.3707
13.7500 -12.7790 -2.2841
13.7812 -6.3690 -1.1085
13.8125 13.3087 2.2547
13.8438 3.8631 0.6367
13.8750 -13.4957 -2.1632
13.9063 -0.3112 -0.0485
13.9375 15.1326 2.2906
13.9687 -0.4201 -0.0617
14.0000 -12.6184 -1.8002
14.0313 5.4955 0.7605
14.0625 14.5658 1.9543
14.0937 -5.1028 -0.6634
14.1250 -10.5828 -1.3324
14.1562 9.9248 1.2093
14.1875 11.3982 1.3434
14.2188 -9.6797 -1.1027
14.2500 -7.6677 -0.8438
14.2812 12.5773 1.3360
14.3125 6.2764 0.6431
14.3438 -13.3082 -1.3144
14.3750 -3.9804 -0.3787
14.4063 13.2922 1.2169
14.4375 0.2487 0.0219
14.4687 -15.1372 -1.2804
14.5000 0.3371 0.0274
14.5313 12.5063 0.9739
14.5625 -5.5069 -0.4109
14.5937 -14.4949 -1.0350
14.6250 5.1511 0.3517
14.6562 10.5856 0.6902
14.6875 -9.9043 -0.6161
14.7188 -11.3051 -0.6700
14.7500 9.8473 0.5554
14.7812 7.7588 0.4158
14.8125 -12.4841 -0.6349
14.8437 -6.1405 -0.2959
14.8750 13.5476 0.6177
14.9063 4.1742 0.1797
14.9375 -13.2450 -0.5377
14.9687 -0.1777 -0.0068
15.0000 15.3153 0.5496
15.0313 -0.2037 -0.0069
15.0625 -12.5242 -0.3939
15.0938 5.4493 0.1599
15.1250 14.5971 0.3985
15.1562 -5.0987 -0.1292
15.1875 -10.6904 -0.2506
15.2188 9.7509 0.2108
15.2500 11.2402 0.2232
15.2812 -9.8734 -0.1795
15.3125 -7.9684 -0.1321
15.3437 12.2540 0.1843
15.3750 6.0554 0.0822
15.4063 -13.5752 -0.1656
15.4375 -4.2982 -0.0468
15.4687 13.0461 0.1258
15.5000 0.0698 0.0006
15.5313 -15.3532 -0.1135
15.5625 0.1878 0.0012
15.5938 12.4504 0.0676
15.6250 -5.5086 -0.0252
15.6562 -14.4540 -0.0546
15.6875 5.1745 0.0158
15.7188 10.7365 0.0260
15.7500 -9.7212 -0.0180
15.7812 -11.1132 -0.0151
15.8125 10.0380 0.0095
15.8437 8.1106 0.0049
15.8750 -12.1806 -0.0041
15.9063 -5.9379 -0.0009
15.9375 13.7635 0.0005
15.9687 4.4697 0.0000
