f L
100.0000 9.9929
100.0400 9.5163
100.0800 9.3617
100.1200 9.6543
100.1600 10.6660
100.2000 9.6276
100.2400 9.5471
100.2800 9.9463
100.3200 10.4001
100.3600 9.6639
100.4000 9.3506
100.4400 9.3046
100.4800 9.8175
100.5200 10.0682
100.5600 9.1691
100.6000 9.6118
100.6400 9.5227
100.6800 9.8333
100.7200 9.4733
100.7600 9.7229
100.8000 9.5859
100.8400 10.5809
100.8800 10.0392
100.9200 9.1119
100.9600 9.5785
101.0000 9.4283
101.0400 10.6996
101.0800 9.5589
101.1200 9.2803
101.1600 9.9352
101.2000 9.5037
101.2400 10.0302
101.2800 9.8286
101.3200 9.3878
101.3600 9.5241
101.4000 9.2520
101.4400 9.6965
101.4800 9.2600
101.5200 8.9784
101.5600 9.9758
101.6000 10.5054
101.6400 9.8408
101.6800 10.0970
101.7200 9.4522
101.7600 9.1446
101.8000 9.3532
101.8400 10.2705
101.8800 9.8800
101.9200 10.0733
101.9600 9.7257
102.0000 10.6334
102.0400 9.7585
102.0800 9.4157
102.1200 10.9738
102.1600 9.6392
102.2000 9.7301
102.2400 9.7356
102.2800 9.8732
102.3200 10.3299
102.3600 9.3171
102.4000 9.9029
102.4400 10.1615
102.4800 10.7610
102.5200 9.9021
102.5600 10.8667
102.6000 8.9891
102.6400 9.6322
102.6800 9.6432
102.7200 9.3097
102.7600 9.3792
102.8000 9.7052
102.8400 9.9697
102.8800 9.3381
102.9200 9.7704
102.9600 9.2833
103.0000 9.7020
103.0400 10.0875
103.0800 9.3951
103.1200 9.7387
103.1600 9.3257
103.2000 9.6471
103.2400 9.4823
103.2800 10.5012
103.3200 9.7054
103.3600 9.2496
103.4000 9.9327
103.4400 9.4136
103.4800 9.5459
103.5200 9.8671
103.5600 9.6520
103.6000 9.4599
103.6400 9.8550
103.6800 10.6214
103.7200 9.7662
103.7600 9.3702
103.8000 9.1470
103.8400 22.0805
103.8800 42.5622
103.9200 59.7881
103.9600 71.8120
104.0000 78.4977
104.0400 79.8351
104.0800 75.8232
104.1200 66.4651
104.1600 51.8074
104.2000 32.3376
104.2400 14.0766
104.2800 9.4176
104.3200 10.1396
104.3600 10.4425
104.4000 9.7985
104.4400 10.0743
104.4800 10.0537
104.5200 9.6218
104.5600 9.5635
104.6000 9.9278
104.6400 9.4934
104.6800 9.6628
104.7200 10.7236
104.7600 9.7701
104.8000 9.6223
104.8400 9.9983
104.8800 10.9418
104.9200 17.5834
104.9600 25.3645
105.0000 30.1387
105.0400 30.0894
105.0800 25.4040
105.1200 17.2101
105.1600 12.3738
105.2000 9.4895
105.2400 10.3873
105.2800 10.2596
105.3200 9.7918
105.3600 9.5685
105.4000 10.1703
105.4400 9.3086
105.4800 10.3383
105.5200 9.4090
105.5600 9.3608
105.6000 9.9850
105.6400 9.2407
105.6800 9.1162
105.7200 9.3899
105.7600 9.4804
105.8000 9.8698
105.8400 9.4401
105.8800 9.8482
105.9200 9.7649
105.9600 10.3144
106.0000 9.5450
106.0400 8.9591
106.0800 9.5328
106.1200 9.4955
106.1600 10.2563
106.2000 9.7022
106.2400 9.3916
106.2800 9.1944
106.3200 9.6043
106.3600 9.3421
106.4000 9.7324
106.4400 10.2833
106.4800 9.0988
106.5200 10.0150
106.5600 11.0183
106.6000 9.8135
106.6400 9.8738
106.6800 9.3029
106.7200 9.5066
106.7600 9.7868
106.8000 10.0807
106.8400 9.4784
106.8800 9.8926
106.9200 9.1390
106.9600 9.6534
107.0000 9.9388
107.0400 10.2100
107.0800 9.2084
107.1200 9.3775
107.1600 9.9896
107.2000 9.1852
107.2400 9.4211
107.2800 10.1443
107.3200 9.0519
107.3600 9.9420
107.4000 9.9842
107.4400 9.0840
107.4800 9.1598
107.5200 9.6235
107.5600 9.8963
107.6000 10.6056
107.6400 9.5121
107.6800 10.2402
107.7200 11.1178
107.7600 10.2116
107.8000 9.0691
107.8400 10.3817
107.8800 10.2970
107.9200 10.2860
107.9600 9.9039
108.0000 9.8553
108.0400 9.3728
108.0800 9.6004
108.1200 11.0399
108.1600 9.7164
108.2000 9.3070
108.2400 9.7675
108.2800 9.9722
108.3200 9.6030
108.3600 9.3386
108.4000 10.3615
108.4400 9.6727
108.4800 10.9004
108.5200 9.7018
108.5600 10.0665
108.6000 9.8067
108.6400 9.5012
108.6800 10.4646
108.7200 9.8264
108.7600 9.3254
108.8000 9.1556
108.8400 9.5265
108.8800 10.0175
108.9200 9.0314
108.9600 9.1673
109.0000 9.2850
109.0400 9.5251
109.0800 10.0636
109.1200 9.8768
109.1600 9.0400
109.2000 9.5005
109.2400 10.1358
109.2800 10.3313
109.3200 9.5050
109.3600 10.3071
109.4000 9.7224
109.4400 9.3774
109.4800 9.2877
109.5200 10.9785
109.5600 9.5268
109.6000 9.6792
109.6400 10.6920
109.6800 9.7450
109.7200 9.6731
109.7600 9.6776
109.8000 9.5188
109.8400 10.3654
109.8800 9.6947
109.9200 9.4777
109.9600 9.8448
110.0000 9.1483
110.0400 10.0911
110.0800 9.6766
110.1200 9.7384
110.1600 9.5092
110.2000 9.3343
110.2400 9.9866
110.2800 9.4822
110.3200 9.6435
110.3600 10.2363
110.4000 9.9980
110.4400 9.4974
110.4800 10.7582
110.5200 9.9584
110.5600 9.5848
110.6000 9.9071
110.6400 11.0714
110.6800 9.2843
110.7200 9.7167
110.7600 9.5132
110.8000 9.7052
110.8400 9.2862
110.8800 10.1415
110.9200 10.0229
110.9600 10.4072
111.0000 10.2674
111.0400 9.4030
111.0800 10.5755
111.1200 9.0732
111.1600 9.7649
111.2000 9.7857
111.2400 10.8673
111.2800 10.3353
111.3200 10.3210
111.3600 15.5500
111.4000 32.1957
111.4400 46.5496
111.4800 55.8480
111.5200 59.8532
111.5600 58.5191
111.6000 51.8495
111.6400 39.9312
111.6800 23.8000
111.7200 10.0268
111.7600 9.4818
111.8000 10.1356
111.8400 10.0803
111.8800 9.6116
111.9200 9.8456
111.9600 10.3696
112.0000 9.6101
112.0400 9.2892
112.0800 10.4285
112.1200 10.0400
112.1600 9.5251
112.2000 9.8017
112.2400 10.5267
112.2800 9.7677
112.3200 10.8176
112.3600 9.4547
112.4000 9.7248
112.4400 9.6843
112.4800 9.7108
112.5200 9.7453
112.5600 9.6391
112.6000 9.4591
112.6400 9.8268
112.6800 9.6803
112.7200 9.8294
112.7600 10.0069
112.8000 10.5225
112.8400 9.5026
112.8800 9.5592
112.9200 10.0576
112.9600 9.9210
113.0000 9.9591
113.0400 9.4925
113.0800 9.3951
113.1200 9.9089
113.1600 9.3913
113.2000 9.7077
113.2400 9.5183
113.2800 9.9424
113.3200 9.9513
113.3600 9.5337
113.4000 9.1455
113.4400 10.1031
113.4800 9.3265
113.5200 9.3217
113.5600 9.6886
113.6000 9.6226
113.6400 9.6086
113.6800 9.7915
113.7200 9.5027
113.7600 9.9593
113.8000 9.3709
113.8400 9.8187
113.8800 9.9321
113.9200 10.0841
113.9600 9.7386
114.0000 9.4391
114.0400 9.8615
114.0800 10.0565
114.1200 9.6374
114.1600 9.2826
114.2000 9.6382
114.2400 9.8685
114.2800 9.8562
114.3200 9.4020
114.3600 9.9229
114.4000 9.4715
114.4400 9.8970
114.4800 9.5224
114.5200 10.2868
114.5600 9.0688
114.6000 9.4847
114.6400 9.5865
114.6800 9.8277
114.7200 9.4232
114.7600 9.3063
114.8000 9.5862
114.8400 9.3924
114.8800 10.5671
114.9200 10.5591
114.9600 10.3592
115.0000 9.6772
115.0400 9.9898
115.0800 9.1002
115.1200 10.7822
115.1600 9.9018
115.2000 10.7386
115.2400 10.0428
115.2800 10.3486
115.3200 9.2657
115.3600 9.7158
115.4000 9.6483
115.4400 9.9580
115.4800 10.3104
115.5200 10.6360
115.5600 10.1621
115.6000 9.8217
115.6400 9.5326
115.6800 11.0364
115.7200 10.3592
115.7600 10.5984
115.8000 9.5344
115.8400 9.4815
115.8800 8.9320
115.9200 9.3397
115.9600 9.5995
116.0000 10.3152
116.0400 9.2516
116.0800 9.9217
116.1200 10.4275
116.1600 9.7871
116.2000 9.3559
116.2400 9.4612
116.2800 9.7298
116.3200 9.7061
116.3600 10.1949
116.4000 9.1732
116.4400 9.2068
116.4800 10.3221
116.5200 8.9928
116.5600 9.9012
116.6000 9.6778
116.6400 9.9028
116.6800 9.8735
116.7200 9.8748
116.7600 9.5943
116.8000 10.6840
116.8400 10.1745
116.8800 9.8310
116.9200 10.1866
116.9600 10.1179
117.0000 9.5618
117.0400 9.8575
117.0800 9.6270
117.1200 9.4188
117.1600 9.5167
117.2000 10.7147
117.2400 10.1764
117.2800 9.4304
117.3200 9.6313
117.3600 9.7657
117.4000 10.1969
117.4400 9.2929
117.4800 10.0525
117.5200 9.9997
117.5600 9.2702
117.6000 9.5962
117.6400 10.4161
117.6800 9.4475
117.7200 9.4963
117.7600 9.6803
117.8000 10.5034
117.8400 9.4991
117.8800 9.3816
117.9200 9.9452
117.9600 10.3157
118.0000 10.2933
118.0400 9.5218
118.0800 9.8149
118.1200 9.6179
118.1600 10.4095
118.2000 9.7155
118.2400 9.1768
118.2800 9.3613
118.3200 9.8485
118.3600 9.5158
118.4000 9.9598
118.4400 9.1805
118.4800 10.0012
118.5200 10.2774
118.5600 9.6392
118.6000 10.1108
118.6400 10.0610
118.6800 9.9560
118.7200 9.2816
118.7600 9.8936
118.8000 9.7838
118.8400 9.9002
118.8800 9.2676
118.9200 9.7306
118.9600 9.7782
119.0000 10.3100
119.0400 10.2975
119.0800 8.8988
119.1200 9.8532
119.1600 9.5199
119.2000 9.3642
119.2400 9.7723
119.2800 9.8002
119.3200 9.6674
119.3600 10.0356
119.4000 9.2040
119.4400 9.1855
119.4800 9.7813
119.5200 9.9340
119.5600 9.9017
119.6000 9.8470
119.6400 9.4567
119.6800 9.8887
119.7200 9.8947
119.7600 9.4490
119.8000 9.0834
119.8400 9.8480
119.8800 9.5931
119.9200 10.4232
119.9600 9.8237
120.0000 10.0483
120.0400 9.5847
120.0800 9.2688
120.1200 10.4480
120.1600 10.3383
120.2000 10.8149
120.2400 9.4198
120.2800 9.5690
120.3200 10.7893
120.3600 9.9748
120.4000 10.3877
120.4400 10.1511
120.4800 10.2296
120.5200 9.3574
120.5600 9.8250
120.6000 10.5329
120.6400 9.6150
120.6800 9.1069
120.7200 9.6350
120.7600 9.5488
120.8000 9.4644
120.8400 9.9615
120.8800 9.7624
120.9200 11.8947
120.9600 16.3725
121.0000 18.4566
121.0400 17.4644
121.0800 13.6673
121.1200 10.3419
121.1600 9.3959
121.2000 9.3265
121.2400 9.4586
121.2800 9.5040
121.3200 9.9425
121.3600 9.6113
121.4000 8.8338
121.4400 10.0683
121.4800 9.6107
121.5200 9.6488
121.5600 9.5966
121.6000 9.5081
121.6400 9.1909
121.6800 9.6714
121.7200 9.7633
121.7600 10.5580
121.8000 10.3608
121.8400 10.7355
121.8800 9.8634
121.9200 9.7382
121.9600 9.5970
122.0000 10.0569
122.0400 10.2508
122.0800 10.3671
122.1200 9.0247
122.1600 9.9475
122.2000 10.3399
122.2400 9.8639
122.2800 9.4284
122.3200 8.8984
122.3600 9.1598
122.4000 9.5010
122.4400 9.4588
122.4800 9.2063
122.5200 10.1721
122.5600 9.4137
122.6000 9.1184
122.6400 9.5599
122.6800 10.3043
122.7200 9.2753
122.7600 10.0325
122.8000 9.7913
122.8400 9.8441
122.8800 9.4393
122.9200 10.1997
122.9600 9.9549
123.0000 9.9174
123.0400 10.3910
123.0800 9.5332
123.1200 10.1691
123.1600 9.7659
123.2000 10.5209
123.2400 9.5217
123.2800 9.7407
123.3200 9.9548
123.3600 10.0043
123.4000 9.5785
123.4400 9.7040
123.4800 10.8066
123.5200 10.0956
123.5600 9.2251
123.6000 10.4627
123.6400 10.7404
123.6800 9.8184
123.7200 10.3307
123.7600 10.1071
123.8000 9.5149
123.8400 10.0102
123.8800 9.7555
123.9200 10.1815
123.9600 10.3701
124.0000 9.5237
124.0400 9.6705
124.0800 9.3823
124.1200 9.8127
124.1600 9.6942
124.2000 9.1558
124.2400 10.0966
124.2800 9.4055
124.3200 9.5657
124.3600 9.4515
124.4000 9.2599
124.4400 9.6959
124.4800 10.1072
124.5200 9.1226
124.5600 10.4367
124.6000 9.9758
124.6400 10.7680
124.6800 9.7360
124.7200 9.8557
124.7600 9.4136
124.8000 9.3175
124.8400 10.2112
124.8800 9.8936
124.9200 9.9662
124.9600 9.7727
125.0000 9.7420
