f L
100.0000 7.2321
100.0400 6.9094
100.0800 7.6146
100.1200 6.4606
100.1600 7.9428
100.2000 6.6769
100.2400 8.6548
100.2800 6.6692
100.3200 4.2271
100.3600 6.3503
100.4000 5.2816
100.4400 4.7528
100.4800 6.1250
100.5200 6.0634
100.5600 7.5149
100.6000 6.1292
100.6400 6.6869
100.6800 6.8332
100.7200 6.9747
100.7600 6.1193
100.8000 6.1776
100.8400 7.6122
100.8800 4.8317
100.9200 5.9947
100.9600 6.5570
101.0000 5.8762
101.0400 6.7618
101.0800 7.8485
101.1200 5.8295
101.1600 7.3411
101.2000 5.4678
101.2400 6.8178
101.2800 6.3781
101.3200 6.8097
101.3600 7.5404
101.4000 6.3641
101.4400 5.9925
101.4800 7.2357
101.5200 6.3557
101.5600 6.3725
101.6000 6.9723
101.6400 6.5550
101.6800 6.2290
101.7200 5.6963
101.7600 5.6902
101.8000 5.2007
101.8400 5.6277
101.8800 6.5399
101.9200 4.9688
101.9600 6.5663
102.0000 6.5529
102.0400 6.6709
102.0800 6.4817
102.1200 6.9514
102.1600 7.2251
102.2000 5.9724
102.2400 7.1864
102.2800 6.3790
102.3200 6.0516
102.3600 5.7862
102.4000 6.6923
102.4400 6.4335
102.4800 6.2342
102.5200 6.8203
102.5600 6.0971
102.6000 6.8278
102.6400 5.6905
102.6800 7.8591
102.7200 6.9156
102.7600 6.2902
102.8000 5.4724
102.8400 7.1844
102.8800 8.2286
102.9200 6.9735
102.9600 6.0963
103.0000 5.9278
103.0400 6.9998
103.0800 6.6258
103.1200 6.8511
103.1600 5.6416
103.2000 7.6480
103.2400 5.9031
103.2800 5.6805
103.3200 7.3642
103.3600 7.4756
103.4000 8.0603
103.4400 6.4456
103.4800 7.5827
103.5200 8.2307
103.5600 7.0361
103.6000 8.7256
103.6400 6.5413
103.6800 7.0076
103.7200 6.7482
103.7600 6.5693
103.8000 6.0855
103.8400 21.1006
103.8800 42.4999
103.9200 59.7814
103.9600 71.8092
104.0000 78.4968
104.0400 79.8342
104.0800 75.8214
104.1200 66.4613
104.1600 51.7891
104.2000 32.0605
104.2400 13.0228
104.2800 4.9515
104.3200 7.3269
104.3600 6.2786
104.4000 6.4219
104.4400 7.4746
104.4800 5.4424
104.5200 6.2913
104.5600 6.9913
104.6000 6.2223
104.6400 5.9395
104.6800 6.9094
104.7200 7.0402
104.7600 5.6824
104.8000 7.5861
104.8400 7.7964
104.8800 7.8856
104.9200 15.9818
104.9600 24.8195
105.0000 29.8339
105.0400 29.8486
105.0800 25.0138
105.1200 16.0937
105.1600 9.1251
105.2000 6.8810
105.2400 5.4730
105.2800 6.8707
105.3200 7.2833
105.3600 6.9636
105.4000 5.8560
105.4400 7.7021
105.4800 7.2118
105.5200 4.5547
105.5600 8.1904
105.6000 6.2659
105.6400 5.5572
105.6800 6.8138
105.7200 6.2927
105.7600 7.8288
105.8000 6.9906
105.8400 7.1332
105.8800 6.1997
105.9200 7.7994
105.9600 6.7051
106.0000 8.3086
106.0400 6.9694
106.0800 5.3833
106.1200 5.3086
106.1600 7.0963
106.2000 8.5141
106.2400 7.7411
106.2800 6.5008
106.3200 7.1710
106.3600 7.6688
106.4000 7.6487
106.4400 5.6094
106.4800 7.5067
106.5200 6.2089
106.5600 8.5677
106.6000 7.5711
106.6400 5.1414
106.6800 6.2630
106.7200 5.8143
106.7600 6.6953
106.8000 7.0859
106.8400 7.0343
106.8800 6.0332
106.9200 6.4316
106.9600 6.0271
107.0000 5.9868
107.0400 5.7667
107.0800 6.2567
107.1200 7.6024
107.1600 6.2358
107.2000 5.9668
107.2400 6.7480
107.2800 6.9594
107.3200 5.4344
107.3600 5.3212
107.4000 7.8477
107.4400 8.7357
107.4800 6.3984
107.5200 7.3134
107.5600 6.1030
107.6000 6.6920
107.6400 6.1198
107.6800 7.1066
107.7200 7.3132
107.7600 6.1612
107.8000 5.6191
107.8400 6.4580
107.8800 8.6030
107.9200 6.6122
107.9600 7.0556
108.0000 9.7083
108.0400 5.3859
108.0800 6.3409
108.1200 6.2835
108.1600 6.7088
108.2000 4.9600
108.2400 5.5527
108.2800 6.8501
108.3200 7.0027
108.3600 6.2046
108.4000 5.5820
108.4400 5.6667
108.4800 6.3479
108.5200 7.5891
108.5600 8.1822
108.6000 5.7325
108.6400 7.2816
108.6800 7.7850
108.7200 7.0655
108.7600 5.1796
108.8000 6.8909
108.8400 5.1651
108.8800 7.3890
108.9200 7.5963
108.9600 5.3015
109.0000 6.7210
109.0400 7.9346
109.0800 6.4348
109.1200 6.3125
109.1600 5.9907
109.2000 4.7498
109.2400 6.7997
109.2800 6.6838
109.3200 7.2202
109.3600 6.9638
109.4000 7.3053
109.4400 5.8965
109.4800 8.7980
109.5200 5.3503
109.5600 7.1626
109.6000 6.4442
109.6400 6.9655
109.6800 6.2121
109.7200 6.7867
109.7600 6.5933
109.8000 7.1978
109.8400 7.4501
109.8800 6.8357
109.9200 6.1911
109.9600 7.5599
110.0000 7.4397
110.0400 6.7564
110.0800 6.4752
110.1200 7.8942
110.1600 6.4085
110.2000 6.5119
110.2400 7.5891
110.2800 6.0145
110.3200 7.0867
110.3600 5.8118
110.4000 6.8029
110.4400 5.6608
110.4800 7.0928
110.5200 6.2593
110.5600 7.5312
110.6000 6.2013
110.6400 6.9911
110.6800 5.4209
110.7200 6.8791
110.7600 7.3943
110.8000 6.5803
110.8400 7.7406
110.8800 6.3260
110.9200 7.0808
110.9600 5.7483
111.0000 5.2704
111.0400 6.4720
111.0800 5.4855
111.1200 6.3757
111.1600 5.9959
111.2000 6.1065
111.2400 8.4500
111.2800 6.2984
111.3200 5.6819
111.3600 5.6672
111.4000 6.2064
111.4400 6.6416
111.4800 4.6838
111.5200 5.1395
111.5600 6.7839
111.6000 7.7613
111.6400 6.0380
111.6800 6.4500
111.7200 6.1614
111.7600 8.2506
111.8000 6.3507
111.8400 5.7173
111.8800 8.0009
111.9200 6.2357
111.9600 5.1794
112.0000 5.8664
112.0400 4.6103
112.0800 7.4388
112.1200 4.5358
112.1600 6.4174
112.2000 5.6256
112.2400 7.2716
112.2800 5.6903
112.3200 6.9555
112.3600 5.6686
112.4000 7.0227
112.4400 5.9557
112.4800 6.8576
112.5200 5.4702
112.5600 6.2169
112.6000 6.5728
112.6400 6.3912
112.6800 6.1412
112.7200 5.9075
112.7600 8.2048
112.8000 5.4602
112.8400 5.4073
112.8800 8.3309
112.9200 6.0305
112.9600 5.3387
113.0000 5.3465
113.0400 5.7459
113.0800 6.2490
113.1200 6.3480
113.1600 7.6369
113.2000 5.1893
113.2400 6.8380
113.2800 8.1696
113.3200 5.5048
113.3600 4.8865
113.4000 8.0079
113.4400 7.7076
113.4800 5.6631
113.5200 7.0126
113.5600 7.3826
113.6000 6.8808
113.6400 8.2247
113.6800 6.3063
113.7200 7.0709
113.7600 6.5055
113.8000 6.6168
113.8400 7.2937
113.8800 6.6955
113.9200 6.6832
113.9600 5.1734
114.0000 8.9460
114.0400 5.9918
114.0800 6.6615
114.1200 8.1449
114.1600 6.8265
114.2000 7.1882
114.2400 6.3492
114.2800 6.3622
114.3200 5.3486
114.3600 6.7542
114.4000 7.0620
114.4400 6.7335
114.4800 6.6253
114.5200 6.4138
114.5600 5.8495
114.6000 5.7915
114.6400 6.0450
114.6800 9.1611
114.7200 7.8059
114.7600 6.6763
114.8000 4.9984
114.8400 6.8158
114.8800 6.9829
114.9200 6.2328
114.9600 6.0067
115.0000 7.2901
115.0400 5.5854
115.0800 6.4759
115.1200 6.3927
115.1600 7.1108
115.2000 6.1583
115.2400 8.3382
115.2800 7.0460
115.3200 7.2399
115.3600 6.3899
115.4000 7.4365
115.4400 5.1596
115.4800 6.8684
115.5200 6.6997
115.5600 7.7360
115.6000 7.0456
115.6400 5.2785
115.6800 6.5287
115.7200 6.9249
115.7600 6.9519
115.8000 6.0285
115.8400 8.2579
115.8800 4.4829
115.9200 5.9858
115.9600 6.0753
116.0000 7.5249
116.0400 5.8284
116.0800 6.2573
116.1200 6.3201
116.1600 8.4793
116.2000 8.3273
116.2400 6.7962
116.2800 6.6271
116.3200 6.7782
116.3600 6.9708
116.4000 5.6991
116.4400 5.9130
116.4800 6.6208
116.5200 7.1853
116.5600 6.0665
116.6000 7.6030
116.6400 8.3092
116.6800 4.5686
116.7200 8.0033
116.7600 8.0608
116.8000 5.9723
116.8400 8.0947
116.8800 6.5796
116.9200 7.2526
116.9600 5.2050
117.0000 5.0037
117.0400 5.9618
117.0800 8.1088
117.1200 7.7924
117.1600 5.8834
117.2000 5.4100
117.2400 5.9160
117.2800 8.0281
117.3200 5.2351
117.3600 6.5790
117.4000 5.9360
117.4400 7.4348
117.4800 7.0307
117.5200 5.0872
117.5600 8.6845
117.6000 5.4283
117.6400 5.9929
117.6800 5.9788
117.7200 8.0256
117.7600 6.5264
117.8000 5.5666
117.8400 8.4528
117.8800 6.1590
117.9200 6.4565
117.9600 7.0223
118.0000 7.1317
118.0400 7.2067
118.0800 6.7322
118.1200 4.7870
118.1600 6.5089
118.2000 7.7007
118.2400 7.1677
118.2800 6.1251
118.3200 5.0248
118.3600 5.9146
118.4000 5.6845
118.4400 5.5045
118.4800 6.3502
118.5200 7.2693
118.5600 6.0642
118.6000 5.6357
118.6400 6.2260
118.6800 6.8328
118.7200 6.2403
118.7600 5.9459
118.8000 7.8869
118.8400 5.8293
118.8800 5.6405
118.9200 6.5434
118.9600 8.4251
119.0000 6.4423
119.0400 6.5001
119.0800 6.3860
119.1200 7.6754
119.1600 6.3493
119.2000 5.8030
119.2400 6.6088
119.2800 7.0101
119.3200 6.4260
119.3600 6.4393
119.4000 7.2268
119.4400 6.3711
119.4800 6.4762
119.5200 8.5782
119.5600 5.3046
119.6000 7.3969
119.6400 7.1936
119.6800 6.9012
119.7200 6.7922
119.7600 6.5281
119.8000 6.6661
119.8400 5.9640
119.8800 6.1313
119.9200 7.0136
119.9600 7.2048
120.0000 7.3285
120.0400 4.5284
120.0800 7.0454
120.1200 6.6317
120.1600 6.0763
120.2000 5.2793
120.2400 5.4899
120.2800 5.9965
120.3200 6.5121
120.3600 6.6034
120.4000 6.3977
120.4400 6.3595
120.4800 6.6102
120.5200 5.9637
120.5600 5.9870
120.6000 6.7511
120.6400 5.3294
120.6800 6.5696
120.7200 7.6771
120.7600 6.9085
120.8000 6.1170
120.8400 7.3957
120.8800 6.6852
120.9200 9.4778
120.9600 14.2226
121.0000 17.5988
121.0400 16.2234
121.0800 12.2829
121.1200 8.4439
121.1600 7.8526
121.2000 6.0427
121.2400 6.1959
121.2800 8.8430
121.3200 5.9602
121.3600 7.5363
121.4000 8.3191
121.4400 5.3003
121.4800 5.8062
121.5200 6.3613
121.5600 6.1846
121.6000 7.5464
121.6400 6.8308
121.6800 7.8115
121.7200 6.5014
121.7600 6.5753
121.8000 7.8464
121.8400 5.6369
121.8800 7.0458
121.9200 9.3461
121.9600 5.0811
122.0000 6.3309
122.0400 4.6859
122.0800 6.2895
122.1200 7.2096
122.1600 6.2919
122.2000 5.1859
122.2400 6.0275
122.2800 8.1215
122.3200 6.9549
122.3600 7.9094
122.4000 6.9008
122.4400 5.7708
122.4800 7.9933
122.5200 7.4871
122.5600 5.1875
122.6000 8.3919
122.6400 7.4725
122.6800 6.4431
122.7200 6.2830
122.7600 6.4674
122.8000 7.0842
122.8400 5.2095
122.8800 5.3608
122.9200 6.9704
122.9600 5.6035
123.0000 5.9317
123.0400 5.5062
123.0800 8.0835
123.1200 5.8125
123.1600 8.7236
123.2000 7.0214
123.2400 6.5569
123.2800 6.1886
123.3200 6.6370
123.3600 7.5018
123.4000 6.6493
123.4400 6.1446
123.4800 7.9609
123.5200 7.6139
123.5600 5.0843
123.6000 6.5263
123.6400 6.8925
123.6800 6.5930
123.7200 5.7178
123.7600 6.5209
123.8000 8.2132
123.8400 4.5596
123.8800 6.6530
123.9200 5.9863
123.9600 5.9670
124.0000 5.6567
124.0400 6.5978
124.0800 4.3105
124.1200 5.8949
124.1600 6.3431
124.2000 7.5845
124.2400 6.4789
124.2800 5.8263
124.3200 5.8552
124.3600 6.3221
124.4000 7.3165
124.4400 7.2512
124.4800 6.0089
124.5200 4.4659
124.5600 6.1932
124.6000 6.5263
124.6400 5.5925
124.6800 6.8924
124.7200 6.5034
124.7600 5.2841
124.8000 7.6286
124.8400 7.4551
124.8800 7.5297
124.9200 6.6883
124.9600 6.2945
125.0000 7.1000
